1 0.745
1 0.94
1 0.715
1 0.67
1 0.865
1 0.535
1 0.695
1 0.7
1 0.795
1 0.95
1 0.875
1 0.555
1 0.67
1 0.515
-1 0.28
1 0.82
1 0.815
1 0.665
1 0.59
1 0.81
1 0.75
1 0.885
-1 0.4
1 0.925
-1 0.48
1 0.86
1 0.815
1 0.845
1 0.865
1 0.625
1 0.77
1 0.765
1 0.585
1 0.8
1 0.785
1 0.865
1 0.685
1 0.705
1 0.7
1 0.865
-1 0.335
1 0.655
1 0.785
1 0.875
1 0.93
1 0.7
1 0.59
1 0.545
1 0.53
-1 0.395
1 0.575
-1 0.49
-1 0.31
1 0.805
1 0.845
1 0.88
1 0.94
1 0.685
1 0.6
1 0.74
1 0.77
1 0.88
1 0.85
1 0.7
1 0.82
-1 0.335
1 0.7
1 0.78
1 0.78
1 0.81
1 0.95
1 0.835
1 0.86
1 0.905
-1 0.3
1 0.555
1 0.91
1 0.665
1 0.7
1 0.885
1 0.67
-1 0.295
1 0.865
-1 0.365
1 0.69
1 0.695
1 0.64
-1 0.285
1 0.895
1 0.81
1 0.675
1 0.89
1 0.915
1 0.7
1 0.95
1 0.925
1 0.955
1 0.685
1 0.67
1 0.87
1 0.51
-1 0.335
1 0.895
1 0.715
1 0.92
1 0.86
1 0.905
-1 0.29
-1 0.375
1 0.92
-1 0.495
1 0.54
1 0.57
1 0.74
1 0.625
1 0.6
1 0.705
-1 0.315
1 0.945
1 0.71
1 0.76
-1 0.395
1 0.68
-1 0.3
1 0.785
1 0.895
1 0.575
1 0.815
1 0.79
-1 0.335
1 0.695
1 0.57
1 0.755
-1 0.415
1 0.835
1 0.805
-1 0.295
1 0.75
1 0.705
1 0.8
-1 0.315
1 0.695
1 0.945
1 0.74
-1 0.335
1 0.8
1 0.67
-1 0.365
1 0.885
1 0.795
1 0.7
1 0.89
-1 0.285
1 0.955
1 0.585
1 0.58
1 0.935
1 0.875
1 0.545
1 0.73
1 0.68
1 0.9
1 0.595
1 0.75
1 0.695
1 0.855
-1 0.335
1 0.655
1 0.9
-1 0.395
1 0.93
1 0.935
1 0.9
-1 0.295
-1 0.33
1 0.82
1 0.885
1 0.87
-1 0.4
1 0.905
1 0.74
1 0.54
1 0.76
1 0.865
1 0.89
1 0.89
1 0.9
1 0.76
1 0.615
-1 0.335
1 0.525
1 0.88
1 0.615
1 0.87
1 0.945
1 0.9
1 0.755
1 0.815
1 0.74
1 0.675
1 0.905
1 0.805
1 0.935
1 0.52
1 0.87
1 0.89
-1 0.395
-1 0.325
1 0.575
1 0.59
1 0.9
1 0.935
1 0.85
1 0.815
1 0.745
1 0.635
1 0.75
-1 0.4
1 0.72
1 0.69
1 0.895
1 0.765
1 0.825
1 0.76
1 0.75
1 0.765
1 0.765
1 0.695
-1 0.325
-1 0.355
1 0.57
1 0.765
1 0.815
-1 0.3
1 0.765
1 0.68
1 0.695
1 0.935
1 0.795
-1 0.39
1 0.62
1 0.58
1 0.74
1 0.67
1 0.585
1 0.905
1 0.6
1 0.92
1 0.865
1 0.85
1 0.76
1 0.77
-1 0.345
1 0.77
-1 0.295
1 0.61
-1 0.32
1 0.695
1 0.915
1 0.64
1 0.91
1 0.955
1 0.535
1 0.85
1 0.65
1 0.895
1 0.665
1 0.89
1 0.825
1 0.57
1 0.68
1 0.875
1 0.76
1 0.545
1 0.755
1 0.885
1 0.945
-1 0.295
-1 0.495
-1 0.36
1 0.8
1 0.775
1 0.895
-1 0.33
1 0.94
1 0.85
1 0.81
1 0.62
1 0.575
1 0.655
-1 0.345
1 0.905
1 0.565
1 0.915
1 0.685
1 0.89
1 0.545
1 0.67
1 0.795
1 0.905
1 0.84
1 0.845
-1 0.385
1 0.785
1 0.81
1 0.555
1 0.54
1 0.645
-1 0.355
1 0.795
1 0.805
-1 0.34
1 0.88
1 0.57
-1 0.175
-1 0.365
-1 0.36
-1 0.2
-1 0.21
-1 0.17
-1 0.16
-1 0.235
-1 0.265
-1 0.29
-1 0.265
-1 0.16
-1 0.26
-1 0.325
-1 0.235
-1 0.22
-1 0.3
-1 0.4
-1 0.395
-1 0.105
-1 0.405
-1 0.275
-1 0.245
-1 0.375
-1 0.19
-1 0.22
-1 0.19
-1 0.2
-1 0.375
-1 0.29
-1 0.16
-1 0.16
-1 0.265
-1 0.255
-1 0.2
-1 0.14
-1 0.31
-1 0.395
-1 0.315
-1 0.355
-1 0.285
-1 0.41
-1 0.265
-1 0.4
-1 0.24
-1 0.33
-1 0.125
-1 0.365
-1 0.295
-1 0.345
-1 0.42
-1 0.205
-1 0.195
-1 0.215
-1 0.245
-1 0.24
-1 0.4
-1 0.425
-1 0.245
-1 0.235
-1 0.365
-1 0.27
-1 0.275
-1 0.16
-1 0.18
-1 0.255
-1 0.365
-1 0.35
-1 0.255
-1 0.345
-1 0.17
-1 0.35
-1 0.145
-1 0.28
-1 0.185
-1 0.205
-1 0.245
-1 0.325
-1 0.16
-1 0.32
-1 0.14
-1 0.15
-1 0.12
-1 0.305
-1 0.245
-1 0.13
-1 0.13
-1 0.245
-1 0.275
-1 0.36
-1 0.46
-1 0.255
-1 0.185
-1 0.22
-1 0.355
-1 0.33
-1 0.275
-1 0.2
-1 0.195
-1 0.22
-1 0.215
-1 0.345
-1 0.375
-1 0.315
-1 0.13
-1 0.18
-1 0.135
-1 0.345
-1 0.315
-1 0.285
-1 0.185
-1 0.135
-1 0.21
-1 0.155
-1 0.245
-1 0.21
-1 0.335
-1 0.225
-1 0.33
-1 0.14
-1 0.18
-1 0.155
-1 0.18
-1 0.2
-1 0.275
-1 0.19
-1 0.225
-1 0.35
-1 0.16
-1 0.27
-1 0.235
-1 0.11
-1 0.255
-1 0.175
-1 0.155
-1 0.385
-1 0.285
-1 0.38
-1 0.17
-1 0.27
-1 0.37
-1 0.23
-1 0.135
-1 0.31
-1 0.295
-1 0.18
-1 0.265
-1 0.28
-1 0.32
-1 0.195
-1 0.255
-1 0.205
-1 0.41
-1 0.155
-1 0.21
-1 0.24
-1 0.26
-1 0.225
-1 0.19
-1 0.17
-1 0.34
-1 0.145
-1 0.28
-1 0.21
-1 0.11
-1 0.18
-1 0.275
-1 0.3
-1 0.22
-1 0.18
-1 0.24
-1 0.3
-1 0.375
-1 0.315
-1 0.25
-1 0.15
-1 0.265
-1 0.17
-1 0.23
-1 0.255
-1 0.205
-1 0.335
-1 0.24
-1 0.165
-1 0.22
-1 0.325
-1 0.215
-1 0.185
-1 0.185
-1 0.31
-1 0.28
-1 0.31
-1 0.19
-1 0.375
-1 0.11
-1 0.14
-1 0.195
-1 0.22
-1 0.37
-1 0.215
-1 0.195
-1 0.3
-1 0.21
-1 0.325
-1 0.18
-1 0.215
-1 0.435
-1 0.245
-1 0.185
-1 0.315
-1 0.165
-1 0.15
-1 0.29
-1 0.245
