1 0.545
1 0.54
-1 0.315
1 0.62
1 0.64
-1 0.3
-1 0.34
-1 0.265
1 0.64
1 0.75
1 0.51
-1 0.44
1 0.625
1 0.595
1 0.6
1 0.765
1 0.57
-1 0.215
1 0.805
1 0.525
1 0.55
1 0.69
1 0.57
-1 0.31
1 0.775
1 0.715
1 0.655
1 0.625
1 0.63
-1 0.305
-1 0.155
-1 0.395
1 0.665
1 0.655
-1 0.3
-1 0.425
1 0.555
1 0.595
-1 0.21
-1 0.305
1 0.675
-1 0.32
1 0.66
-1 0.3
1 0.65
-1 0.295
1 0.58
-1 0.33
1 0.595
1 0.625
1 0.575
-1 0.34
-1 0.19
1 0.68
1 0.655
1 0.6
-1 0.48
-1 0.46
-1 0.295
1 0.585
1 0.615
1 0.665
1 0.665
-1 0.3
1 0.65
-1 0.425
1 0.56
-1 0.35
1 0.785
1 0.53
-1 0.2
1 0.57
-1 0.355
1 0.725
1 0.67
1 0.52
1 0.575
1 0.635
1 0.765
-1 0.27
1 0.525
-1 0.175
1 0.69
1 0.53
1 0.535
-1 0.335
1 0.63
-1 0.425
-1 0.41
1 0.67
1 0.595
1 0.635
1 0.655
1 0.72
-1 0.16
1 0.545
-1 0.32
1 0.51
1 0.535
1 0.505
-1 0.235
-1 0.325
1 0.72
1 0.725
-1 0.185
-1 0.305
1 0.765
1 0.6
-1 0.33
1 0.65
-1 0.275
-1 0.28
-1 0.17
1 0.615
1 0.585
1 0.53
1 0.8
-1 0.32
1 0.505
1 0.54
-1 0.485
1 0.645
-1 0.405
1 0.76
1 0.61
-1 0.35
-1 0.2
1 0.63
-1 0.45
-1 0.475
-1 0.45
-1 0.235
1 0.65
1 0.58
1 0.56
1 0.63
-1 0.32
-1 0.225
1 0.55
1 0.67
-1 0.395
-1 0.26
-1 0.33
1 0.59
-1 0.12
1 0.655
1 0.59
1 0.655
1 0.74
-1 0.495
-1 0.265
-1 0.46
1 0.565
-1 0.185
1 0.64
1 0.545
-1 0.405
1 0.56
1 0.635
-1 0.425
1 0.545
-1 0.315
1 0.61
-1 0.3
1 0.63
1 0.565
1 0.655
1 0.56
-1 0.285
1 0.74
1 0.535
-1 0.5
1 0.505
1 0.665
1 0.635
1 0.51
-1 0.445
-1 0.325
-1 0.21
1 0.55
1 0.595
-1 0.36
-1 0.27
-1 0.12
1 0.62
-1 0.345
1 0.63
1 0.68
1 0.63
-1 0.315
-1 0.295
1 0.595
-1 0.22
1 0.725
-1 0.5
-1 0.355
1 0.56
1 0.585
-1 0.39
1 0.68
-1 0.49
1 0.515
-1 0.31
1 0.52
-1 0.47
1 0.585
-1 0.49
-1 0.395
-1 0.35
-1 0.395
1 0.62
1 0.685
1 0.7
-1 0.235
1 0.51
1 0.655
1 0.59
1 0.745
1 0.57
-1 0.325
-1 0.29
1 0.51
1 0.59
-1 0.47
1 0.55
1 0.6
1 0.66
-1 0.2
-1 0.26
-1 0.245
1 0.635
-1 0.48
-1 0.165
1 0.6
-1 0.48
-1 0.26
-1 0.395
-1 0.45
1 0.65
-1 0.19
-1 0.38
1 0.72
-1 0.46
1 0.57
-1 0.255
-1 0.22
-1 0.46
1 0.585
-1 0.495
1 0.82
-1 0.325
-1 0.235
-1 0.315
1 0.605
1 0.62
1 0.505
-1 0.44
-1 0.475
-1 0.155
1 0.53
1 0.665
1 0.555
-1 0.425
1 0.76
-1 0.22
-1 0.39
1 0.675
1 0.695
1 0.53
-1 0.45
1 0.635
1 0.61
1 0.68
1 0.515
1 0.615
1 0.755
-1 0.475
-1 0.325
1 0.54
1 0.67
1 0.58
-1 0.33
-1 0.41
-1 0.305
-1 0.29
1 0.515
-1 0.365
-1 0.33
-1 0.125
1 0.785
1 0.805
-1 0.345
-1 0.2
1 0.715
1 0.755
-1 0.23
-1 0.37
1 0.535
1 0.615
-1 0.415
1 0.715
-1 0.215
1 0.555
-1 0.28
-1 0.33
-1 0.495
-1 0.345
-1 0.445
1 0.595
-1 0.125
1 0.725
-1 0.22
1 0.735
1 0.585
-1 0.435
-1 0.03
-1 0.005
-1 0.005
-1 0.035
-1 0.02
-1 0.015
-1 0.015
-1 0.06
-1 -1581.561199
-1 0.04
-1 -1502.598059
-1 0.145
-1 0.06
-1 0.02
-1 0.005
-1 0.06
-1 0.01
-1 0.105
-1 0.005
-1 0.02
-1 0.05
-1 0.01
-1 0.005
-1 0.01
-1 0.02
-1 0.015
-1 0.015
-1 0.04
-1 0.065
-1 0.13
-1 0.03
-1 0.005
-1 0.03
-1 0.005
-1 0.02
-1 0.015
-1 0.005
-1 0.04
-1 0.01
-1 -1331.597864
-1 0.015
-1 0.01
-1 0.055
-1 0.005
-1 0.035
-1 0.015
-1 0.005
-1 0.045
-1 0.055
-1 0.085
-1 -1048.365882
-1 -1381.026141
-1 0.01
-1 0.005
-1 0.1
-1 -1715.792331
-1 0.05
-1 -1046.32568
-1 -1448.312008
-1 -927.5712389
-1 0.02
-1 0.02
-1 0.065
-1 0.005
-1 0.105
-1 0.005
-1 0.02
-1 0.02
-1 0.01
-1 0.04
-1 0.075
-1 0.105
-1 0.025
-1 0.01
-1 -1380.005951
-1 0.02
-1 0.01
-1 -1850.653899
-1 0.01
-1 0.005
-1 -1116.672023
-1 0.005
-1 0.005
-1 -1302.939982
-1 -1193.67631
-1 0.01
-1 0.035
-1 0.005
-1 0.02
-1 0.03
-1 0.01
-1 0.03
-1 0.02
-1 0.02
-1 0.005
-1 0.01
-1 0.045
-1 0.005
-1 0.015
-1 0.005
-1 0.04
-1 0.035
-1 -1638.726721
-1 0.01
-1 0.06
-1 -1263.291737
-1 0.04
-1 0.01
-1 0.11
-1 0.04
-1 0.02
-1 0.025
-1 0.01
-1 0.015
-1 0.045
-1 0.005
-1 0.005
-1 0.03
-1 0.005
-1 0.015
-1 0.005
-1 0.01
-1 0.025
-1 0.12
-1 -1375.326662
-1 0.015
-1 0.04
-1 -1853.713233
-1 0.005
-1 -1460.909307
-1 0.01
-1 0.01
-1 0.025
-1 0.025
-1 0.015
-1 0.03
-1 0.005
-1 0.005
-1 0.105
-1 0.015
-1 0.045
-1 0.015
-1 0.005
-1 0.01
-1 0.035
-1 -1474.506981
-1 0.15
-1 0.015
-1 0.01
-1 0.035
-1 0.01
-1 0.015
-1 0.03
-1 -1851.673593
-1 0.05
-1 0.05
-1 0.01
-1 0.025
-1 -1407.643494
-1 0.005
-1 -1849.63345
-1 0.07
-1 0.02
-1 0.025
-1 0.005
-1 -1262.271531
-1 0.015
-1 -1539.021668
-1 0.025
-1 0.005
-1 0.035
-1 -1047.345766
-1 0.02
-1 0.005
-1 0.01
-1 0.01
-1 0.005
-1 0.015
-1 0.005
-1 0.025
-1 0.04
-1 -1637.706743
-1 0.095
-1 0.06
-1 0.005
-1 0.005
-1 0.01
-1 0.015
-1 0.015
-1 0.005
-1 0.015
-1 0.005
-1 0.185
-1 0.005
-1 0.01
-1 0.075
-1 0.005
-1 0.03
-1 0.01
-1 0.065
-1 0.065
-1 0.005
-1 0.01
-1 0.015
-1 0.325
-1 0.005
-1 0.04
-1 0.065
-1 -1182.206755
-1 0.005
-1 0.04
-1 0.025
-1 0.01
-1 0.01
-1 0.015
