1 0.605
-1 0.49
1 0.78
1 0.705
1 0.805
1 0.82
1 0.525
1 0.84
1 0.51
-1 0.49
1 0.76
1 0.69
1 0.895
-1 0.46
1 0.88
1 0.7
1 0.7
1 0.725
1 0.63
1 0.615
1 0.695
1 0.7
1 0.835
1 0.745
1 0.7
1 0.755
1 0.705
1 0.67
1 0.71
1 0.665
1 0.685
1 0.625
1 0.73
1 0.745
1 0.745
1 0.53
1 0.64
1 0.595
1 0.675
1 0.57
1 0.74
1 0.705
1 0.875
1 0.74
1 0.79
1 0.66
1 0.84
1 0.545
1 0.665
1 0.585
1 0.7
1 0.875
1 0.83
1 0.56
1 0.68
1 0.73
1 0.605
1 0.685
1 0.6
1 0.665
1 0.795
1 0.84
1 0.67
1 0.745
1 0.805
1 0.675
1 0.715
1 0.7
1 0.865
1 0.82
1 0.635
1 0.795
1 0.635
1 0.645
1 0.73
1 0.755
1 0.715
1 0.775
1 0.57
-1 0.38
1 0.825
1 0.775
1 0.56
1 0.65
1 0.77
1 0.755
1 0.78
1 0.835
1 0.805
1 0.745
1 0.565
1 0.65
1 0.87
1 0.86
1 0.86
1 0.6
1 0.73
1 0.85
1 0.605
1 0.7
1 0.625
1 0.66
1 0.85
1 0.8
1 0.58
1 0.78
1 0.785
1 0.76
1 0.55
-1 0.375
1 0.7
1 0.665
1 0.89
-1 0.48
1 0.575
1 0.645
1 0.56
1 0.665
1 0.635
1 0.575
1 0.74
1 0.585
1 0.63
1 0.72
1 0.77
1 0.695
1 0.85
1 0.755
1 0.57
1 0.75
1 0.675
1 0.6
1 0.745
1 0.875
1 0.705
1 0.805
1 0.735
1 0.745
1 0.67
1 0.76
1 0.715
1 0.625
1 0.645
1 0.81
1 0.72
1 0.81
1 0.525
1 0.615
1 0.845
1 0.59
1 0.64
1 0.575
1 0.58
1 0.81
1 0.78
1 0.725
1 0.85
1 0.78
1 0.58
1 0.87
1 0.645
1 0.54
1 0.7
1 0.82
1 0.74
1 0.69
1 0.88
1 0.665
1 0.585
1 0.55
1 0.84
1 0.685
1 0.66
1 0.82
1 0.84
1 0.515
1 0.795
1 0.715
1 0.82
1 0.875
1 0.78
1 0.585
1 0.775
1 0.72
1 0.595
1 0.645
1 0.77
1 0.615
1 0.745
1 0.53
1 0.81
1 0.77
1 0.725
1 0.615
1 0.72
1 0.81
-1 0.495
1 0.64
1 0.705
1 0.67
1 0.575
1 0.85
1 0.69
1 0.745
1 0.78
1 0.84
-1 0.5
1 0.835
1 0.725
1 0.82
1 0.85
1 0.76
1 0.68
1 0.67
1 0.51
1 0.65
1 0.83
1 0.72
1 0.735
1 0.76
1 0.73
1 0.75
1 0.67
1 0.565
1 0.6
1 0.71
1 0.74
1 0.555
1 0.835
1 0.6
-1 0.49
1 0.7
1 0.77
1 0.67
1 0.665
1 0.815
1 0.73
1 0.775
1 0.77
1 0.765
1 0.725
1 0.685
1 0.845
1 0.575
1 0.63
1 0.755
1 0.845
1 0.81
1 0.8
1 0.85
1 0.72
1 0.705
1 0.885
1 0.76
1 0.765
1 0.76
-1 0.48
1 0.68
1 0.785
1 0.775
1 0.78
1 0.775
1 0.755
1 0.82
-1 0.49
-1 0.425
1 0.88
1 0.755
-1 0.5
1 0.78
1 0.705
1 0.715
1 0.515
1 0.785
1 0.8
1 0.665
1 0.725
1 0.8
1 0.655
1 0.75
1 0.685
1 0.735
-1 0.49
1 0.655
1 0.7
1 0.82
1 0.715
1 0.685
-1 0.485
1 0.535
1 0.715
1 0.56
1 0.85
1 0.555
1 0.815
1 0.83
1 0.735
1 0.72
1 0.555
1 0.835
1 0.67
1 0.675
1 0.6
1 0.585
1 0.735
1 0.845
1 0.805
1 0.65
1 0.855
1 0.74
1 0.63
1 0.745
1 0.765
1 0.735
1 0.665
-1 0.005
-1 0.085
-1 -1611.428666
-1 0.08
-1 0.13
-1 0.025
-1 0.13
-1 0.09
-1 0.065
-1 0.09
-1 0.125
-1 0.01
-1 0.02
-1 0.045
-1 0.025
-1 0.04
-1 0.005
-1 0.155
-1 0.14
-1 0.065
-1 0.005
-1 0.16
-1 0.05
-1 0.005
-1 0.08
-1 0.06
-1 0.16
-1 0.16
-1 0.09
-1 0.06
-1 0.14
-1 0.115
-1 0.11
-1 0.12
-1 0.045
-1 0.01
-1 0.185
-1 0.055
-1 0.06
-1 -1508.878712
-1 0.17
-1 -1884.22181
-1 0.065
-1 -1216.622666
-1 0.19
-1 -1531.986582
-1 0.005
-1 0.005
-1 0.045
-1 0.21
-1 0.055
-1 0.18
-1 0.025
-1 0.08
-1 0.075
-1 0.07
-1 -1016.442675
-1 0.085
-1 0.065
-1 0.03
-1 0.015
-1 0.195
-1 0.205
-1 0.055
-1 0.065
-1 0.135
-1 0.185
-1 0.12
-1 -1133.05342
-1 0.09
-1 0.06
-1 0.11
-1 0.085
-1 0.105
-1 0.055
-1 0.145
-1 0.045
-1 0.07
-1 0.045
-1 0.205
-1 0.09
-1 0.085
-1 0.105
-1 0.14
-1 0.005
-1 0.065
-1 0.045
-1 0.225
-1 -1531.309047
-1 0.21
-1 -1526.535786
-1 -1776.85876
-1 0.075
-1 0.15
-1 0.055
-1 0.045
-1 0.06
-1 0.015
-1 0.035
-1 0.14
-1 0.065
-1 -1319.173162
-1 0.175
-1 -1202.223131
-1 0.065
-1 0.145
-1 0.065
-1 0.19
-1 0.08
-1 0.025
-1 0.1
-1 0.07
-1 0.185
-1 0.075
-1 0.145
-1 -1866.90374
-1 0.08
-1 0.25
-1 0.055
-1 0.005
-1 0.05
-1 0.02
-1 0.02
-1 0.165
-1 0.055
-1 0.085
-1 0.23
-1 0.065
-1 0.09
-1 0.07
-1 0.06
-1 0.03
-1 0.135
-1 0.135
-1 0.005
-1 0.125
-1 0.045
-1 0.155
-1 0.04
-1 0.065
-1 0.07
-1 0.12
-1 0.115
-1 0.215
-1 0.13
-1 0.065
-1 0.1
-1 0.255
-1 0.04
-1 0.135
-1 0.09
-1 0.085
-1 0.15
-1 0.05
-1 0.075
-1 0.01
-1 0.09
-1 0.07
-1 0.065
-1 -1610.074067
-1 0.05
-1 0.18
-1 0.045
-1 0.015
-1 0.055
-1 0.15
-1 0.055
-1 0.075
-1 0.125
-1 0.1
-1 0.07
-1 -1243.5271201
-1 0.095
-1 0.115
-1 0.025
-1 0.035
-1 0.11
-1 0.075
-1 0.175
-1 0.065
-1 0.04
-1 0.075
-1 0.14
-1 -1856.97909
-1 -1331.09111
-1 -1329.09806
-1 0.025
-1 0.12
-1 -1418.705069
-1 0.15
-1 0.13
-1 0.01
-1 0.155
-1 0.045
-1 0.025
-1 0.035
-1 -1767.95014
-1 0.005
-1 0.015
-1 -1749.954555
-1 0.13
-1 0.005
-1 -1505.082029
-1 0.02
-1 0.03
-1 0.005
-1 0.125
-1 0.08
-1 0.005
-1 0.025
-1 0.025
-1 0.035
-1 -1438.115886
-1 0.085
-1 0.015
