1 0.625
1 0.505
1 0.695
1 0.835
1 0.88
1 0.71
1 0.755
1 0.81
1 0.675
1 0.675
1 0.7
1 0.67
1 0.74
1 0.715
1 0.89
1 0.66
1 0.68
1 0.77
1 0.925
1 0.545
1 0.815
1 0.745
1 0.8
1 0.71
1 0.69
1 0.83
1 0.55
1 0.66
1 0.965
1 0.72
1 0.62
1 0.695
1 0.815
1 0.61
1 0.685
-1 0.465
1 0.665
1 0.785
1 0.845
1 0.83
-1 0.255
1 0.85
1 0.74
1 0.67
1 0.65
1 0.56
1 0.61
1 0.53
1 0.825
1 0.65
1 0.55
1 0.93
1 0.68
1 0.915
1 0.71
1 0.63
1 0.855
1 0.515
1 0.66
1 0.71
1 0.685
1 0.745
1 0.815
1 0.65
1 0.6
1 0.59
-1 0.205
1 0.805
1 0.67
1 0.64
1 0.665
1 0.92
1 0.74
1 0.83
1 0.515
1 0.62
1 0.795
1 0.65
1 0.605
1 0.86
1 0.795
1 0.68
1 0.68
-1 0.47
1 0.825
1 0.795
1 0.67
1 0.69
-1 0.36
1 0.59
1 0.72
-1 0.48
-1 0.29
1 0.815
1 0.64
1 0.76
1 0.81
-1 0.49
1 0.67
1 0.835
1 0.85
1 0.875
1 0.66
1 0.695
1 0.51
1 0.7
1 0.88
1 0.63
1 0.565
1 0.565
1 0.53
1 0.81
-1 0.36
1 0.775
1 0.62
1 0.725
1 0.62
1 0.875
-1 0.475
1 0.725
1 0.55
-1 0.46
1 0.73
1 0.655
1 0.735
1 0.7
1 0.71
1 0.675
1 0.715
1 0.94
1 0.77
1 0.61
1 0.53
1 0.53
1 0.64
1 0.53
1 0.57
1 0.695
1 0.785
1 0.585
1 0.535
1 0.845
1 0.56
1 0.77
1 0.52
1 0.88
1 0.745
1 0.74
1 0.845
1 0.705
1 0.775
1 0.77
1 0.64
1 0.91
1 0.52
1 0.745
1 0.57
1 0.86
1 0.65
1 0.79
-1 0.345
1 0.635
1 0.815
1 0.63
1 0.815
1 0.68
1 0.75
1 0.83
1 0.82
1 0.58
1 0.505
1 0.745
1 0.755
1 0.605
1 0.73
1 0.53
-1 0.315
-1 0.48
1 0.875
1 0.545
1 0.65
-1 0.465
1 0.555
-1 0.395
1 0.66
1 0.68
1 0.53
1 0.73
1 0.8
1 0.535
1 0.685
1 0.58
1 0.74
1 0.875
1 0.775
1 0.545
1 0.94
-1 0.495
1 0.825
1 0.745
1 0.655
1 0.64
1 0.64
1 0.75
1 0.705
1 0.71
1 0.86
1 0.72
1 0.715
1 0.655
1 0.855
1 0.86
1 0.82
-1 0.5
1 0.875
1 0.835
1 0.89
1 0.75
1 0.65
1 0.705
1 0.65
1 0.65
1 0.68
1 0.785
1 0.77
1 0.72
1 0.74
-1 0.48
1 0.735
1 0.65
-1 0.31
1 0.865
1 0.73
1 0.755
1 0.525
1 0.805
1 0.73
1 0.825
1 0.59
1 0.685
1 0.525
1 0.82
1 0.785
1 0.565
1 0.81
1 0.705
1 0.84
1 0.65
1 0.66
1 0.69
1 0.67
1 0.855
1 0.64
1 0.76
1 0.685
1 0.705
1 0.675
1 0.855
1 0.895
-1 0.485
1 0.81
1 0.87
1 0.57
1 0.78
1 0.675
1 0.76
1 0.72
1 0.68
1 0.605
-1 0.455
1 0.855
1 0.68
1 0.72
-1 0.46
1 0.705
1 0.58
1 0.775
1 0.75
1 0.93
1 0.7
1 0.805
1 0.77
1 0.87
1 0.795
1 0.76
1 0.635
1 0.885
1 0.51
1 0.58
1 0.85
1 0.78
1 0.785
1 0.625
-1 0.385
1 0.66
1 0.9
1 0.83
1 0.74
1 0.615
1 0.51
1 0.81
1 0.54
1 0.79
1 0.665
1 0.59
1 0.915
1 0.775
1 0.545
1 0.56
1 0.7
-1 0.36
1 0.515
1 0.84
1 0.81
-1 0.45
-1 -1541.6589
-1 0.015
-1 0.03
-1 0.01
-1 0.05
-1 -1535.9801
-1 0.005
-1 0.01
-1 0.005
-1 0.015
-1 0.005
-1 0.005
-1 0.01
-1 0.005
-1 0.055
-1 0.01
-1 0.02
-1 0.02
-1 0.015
-1 0.06
-1 -1422.115733
-1 0.02
-1 0.02
-1 0.01
-1 0.01
-1 0.01
-1 0.01
-1 0.055
-1 0.02
-1 0.01
-1 0.02
-1 -1489.11804
-1 0.06
-1 -1021.846913
-1 0.175
-1 0.11
-1 0.005
-1 0.005
-1 0.015
-1 0.02
-1 0.03
-1 0.04
-1 -1071.611252
-1 0.015
-1 -973.116941
-1 -827.681714
-1 -1525.80087
-1 0.04
-1 0.01
-1 0.035
-1 0.085
-1 0.025
-1 -1061.1321169
-1 0.03
-1 0.005
-1 0.055
-1 -1460.636904
-1 0.145
-1 0.005
-1 0.01
-1 0.02
-1 0.035
-1 0.045
-1 -1183.018706
-1 0.135
-1 0.015
-1 0.005
-1 0.015
-1 0.005
-1 0.1
-1 0.01
-1 0.025
-1 0.005
-1 0.02
-1 0.085
-1 0.01
-1 0.02
-1 0.015
-1 0.01
-1 0.015
-1 0.035
-1 0.005
-1 0.025
-1 0.175
-1 0.17
-1 -1429.848192
-1 -1428.920146
-1 0.06
-1 0.02
-1 0.045
-1 0.01
-1 -1354.608088
-1 0.005
-1 0.025
-1 0.03
-1 -1422.022637
-1 0.01
-1 -1437.777642
-1 0.015
-1 -1452.81067
-1 0.01
-1 0.035
-1 0.065
-1 0.02
-1 0.005
-1 0.03
-1 0.005
-1 -1294.726661
-1 0.025
-1 0.005
-1 0.055
-1 0.01
-1 -1076.061938
-1 0.065
-1 0.015
-1 0.005
-1 0.005
-1 0.015
-1 0.04
-1 0.045
-1 -1247.667364
-1 0.075
-1 0.045
-1 0.02
-1 0.005
-1 0.01
-1 0.005
-1 0.015
-1 0.01
-1 -1436.95251
-1 0.015
-1 0.01
-1 0.025
-1 0.01
-1 0.01
-1 -1473.25961
-1 0.075
-1 0.01
-1 0.12
-1 0.02
-1 0.015
-1 0.02
-1 0.005
-1 0.015
-1 0.035
-1 0.01
-1 0.11
-1 0.005
-1 0.03
-1 0.005
-1 0.01
-1 0.16
-1 0.005
-1 0.07
-1 0.1
-1 -1584.77058
-1 0.015
-1 0.065
-1 0.02
-1 0.045
-1 0.035
-1 0.085
-1 0.045
-1 0.04
-1 0.07
-1 0.055
-1 0.065
-1 0.005
-1 0.015
-1 0.01
-1 0.01
-1 0.01
-1 0.05
-1 0.01
-1 0.015
-1 0.075
-1 0.01
-1 0.055
-1 0.025
-1 -1389.790619
-1 0.025
-1 -1510.35529
-1 0.01
-1 0.01
-1 -1107.675365
-1 -1362.433815
-1 0.01
-1 0.01
-1 0.07
-1 0.05
-1 0.09
-1 0.005
-1 0.015
-1 0.01
-1 0.005
-1 -1432.501157
-1 0.01
-1 0.015
-1 0.005
-1 -1011.8260689
-1 0.01
-1 -1452.707237
-1 0.065
-1 -1175.192886
-1 0.055
-1 0.01
-1 0.03
-1 0.01
-1 0.005
-1 0.005
-1 0.02
-1 -920.392869
-1 0.005
-1 0.005
-1 0.01
