-1 0.37
1 0.59
1 0.655
1 0.815
1 0.76
1 0.675
-1 0.44
1 0.665
1 0.8
-1 0.48
1 0.655
1 0.765
1 0.525
-1 0.465
-1 0.435
1 0.775
1 0.74
1 0.685
-1 0.48
1 0.725
1 0.75
1 0.61
1 0.815
1 0.635
1 0.795
-1 0.045
1 0.845
1 0.74
1 0.7
1 0.705
-1 0.435
1 0.86
-1 0.43
1 0.845
1 0.595
1 0.625
1 0.72
-1 0.3
-1 0.47
1 0.665
1 0.655
1 0.655
1 0.715
1 0.735
1 0.87
1 0.705
1 0.63
1 0.76
1 0.815
-1 0.39
1 0.79
-1 0.5
1 0.825
-1 0.495
1 0.69
1 0.765
1 0.74
1 0.915
1 0.7
1 0.515
1 0.62
1 0.855
-1 0.415
1 0.515
1 0.745
1 0.885
1 0.755
-1 0.035
1 0.69
1 0.805
1 0.835
1 0.79
1 0.79
1 0.53
1 0.695
1 0.69
1 0.78
1 0.72
-1 0.38
-1 0.495
1 0.645
1 0.805
1 0.695
-1 0.48
1 0.845
-1 0.04
-1 0.245
1 0.67
1 0.685
1 0.625
1 0.8
1 0.77
1 0.75
1 0.81
1 0.635
1 0.665
1 0.7
1 0.695
1 0.855
1 0.88
1 0.765
-1 0.46
1 0.57
1 0.525
1 0.67
1 0.625
1 0.64
1 0.795
-1 0.425
1 0.84
-1 0.46
-1 0.095
-1 0.3
1 0.705
1 0.845
-1 0.025
1 0.635
-1 0.415
1 0.525
1 0.645
-1 0.435
1 0.815
-1 0.255
1 0.67
-1 0.305
1 0.69
1 0.77
1 0.66
1 0.865
1 0.885
1 0.835
1 0.86
-1 0.46
1 0.73
1 0.655
1 0.73
1 0.85
1 0.635
1 0.84
-1 0.5
1 0.85
-1 0.365
1 0.73
1 0.59
1 0.53
1 0.805
1 0.775
1 0.755
1 0.795
1 0.745
1 0.685
1 0.665
1 0.515
1 0.695
1 0.775
1 0.635
-1 0.28
-1 0.355
1 0.795
1 0.735
1 0.725
1 0.765
1 0.525
1 0.7
1 0.685
1 0.84
1 0.655
1 0.785
1 0.685
1 0.685
1 0.87
1 0.68
1 0.87
-1 0.465
1 0.885
-1 0.42
1 0.83
1 0.67
1 0.85
1 0.8
1 0.625
1 0.585
1 0.755
1 0.575
1 0.72
1 0.73
1 0.715
1 0.74
-1 0.45
-1 0.5
1 0.795
1 0.675
1 0.79
-1 0.46
1 0.73
1 0.7
1 0.765
1 0.845
1 0.805
1 0.705
1 0.74
1 0.675
1 0.78
1 0.9
-1 0.34
1 0.79
1 0.715
1 0.81
-1 0.43
-1 0.08
1 0.72
1 0.73
1 0.505
1 0.805
-1 0.365
1 0.675
1 0.685
1 0.63
1 0.65
1 0.555
-1 0.395
-1 0.125
-1 0.09
1 0.515
-1 0.37
-1 0.365
-1 0.49
-1 0.4
-1 0.48
-1 0.46
-1 0.03
1 0.89
-1 0.275
-1 0.25
-1 0.295
-1 0.385
1 0.56
1 0.535
-1 0.305
-1 0.375
-1 0.275
-1 0.05
-1 0.135
1 0.56
-1 0.265
-1 0.24
1 0.55
-1 0.5
-1 0.275
-1 0.335
-1 0.27
-1 0.085
1 0.51
-1 0.385
-1 0.035
-1 0.35
-1 0.365
-1 0.275
-1 0.24
1 0.64
-1 0.04
-1 0.28
1 0.7
1 0.57
-1 0.315
-1 0.03
1 0.535
-1 0.335
-1 0.21
-1 0.26
-1 0.07
-1 0.065
-1 0.455
-1 0.105
-1 0.045
-1 0.21
-1 0.36
-1 0.3
-1 0.455
-1 0.03
-1 0.27
1 0.71
-1 0.35
-1 0.42
1 0.61
1 0.74
-1 0.255
-1 0.325
-1 0.435
-1 0.415
-1 0.25
-1 0.325
-1 0.13
-1 0.485
-1 0.435
-1 0.41
-1 0.065
-1 0.39
-1 0.035
1 0.54
1 0.54
-1 0.335
-1 0.375
-1 0.08
-1 0.365
1 0.565
-1 0.3
-1 0.425
-1 0.1
1 0.56
-1 0.26
-1 0.295
-1 0.395
-1 0.33
-1 0.315
-1 -1502.97913
-1 0.005
-1 0.01
-1 0.005
-1 0.01
-1 0.005
-1 0.005
-1 -1286.104599
-1 0.01
-1 -1078.369984
-1 0.015
-1 0.01
-1 -1331.85372
-1 0.05
-1 0.04
-1 -981.522106
-1 0.005
-1 -1237.435842
-1 0.015
-1 0.025
-1 0.01
-1 0.015
-1 0.005
-1 -1081.866992
-1 0.015
-1 0.01
-1 0.03
-1 0.005
-1 0.01
-1 -1088.210795
-1 0.025
-1 0.005
-1 0.005
-1 0.015
-1 0.005
-1 -1328.704823
-1 -895.49922
-1 0.005
-1 0.005
-1 0.005
-1 -888.504592
-1 0.015
-1 -1352.224892
-1 0.005
-1 0.015
-1 0.01
-1 0.005
-1 -893.750467
-1 0.005
-1 0.03
-1 -1167.890051
-1 -1116.976859
-1 -1343.984942
-1 0.01
-1 -1526.809603
-1 0.02
-1 0.01
-1 0.055
-1 0.005
-1 0.015
-1 0.005
-1 0.005
-1 0.02
-1 0.01
-1 -1169.6386
-1 0.01
-1 -1333.6026
-1 0.005
-1 0.01
-1 0.005
-1 0.015
-1 -1290.032314
-1 -1406.84676
-1 -1357.471042
-1 0.01
-1 0.005
-1 0.025
-1 0.005
-1 -1330.10517
-1 -1222.2016693
-1 -1326.60825
-1 0.005
-1 0.01
-1 0.03
-1 0.03
-1 0.025
-1 0.005
-1 -1445.1709539
-1 0.015
-1 0.02
-1 0.025
-1 0.005
-1 0.03
-1 -863.539925
-1 0.005
-1 -856.468389
-1 0.005
-1 0.005
-1 -1188.060314
-1 -1372.67947
-1 -1516.82134
-1 0.03
-1 -868.205489
-1 0.025
-1 -770.142231
-1 0.005
-1 0.015
-1 -997.112494
-1 0.01
-1 0.01
-1 -1057.9151529
-1 0.005
-1 -1080.190306
-1 0.04
-1 -1157.545028
-1 -1089.95917
-1 -1391.463927
-1 0.02
-1 0.005
-1 -920.768254
-1 0.015
-1 -1074.94407
-1 -1553.827136
-1 0.03
-1 -1446.919236
-1 -1293.170996
-1 -1103.491052
-1 0.01
-1 -1489.49374
-1 0.01
-1 -837.69045
-1 0.015
-1 -1132.00041
-1 -917.270959
-1 0.01
-1 0.015
-1 0.01
-1 0.01
-1 0.02
-1 0.01
-1 0.005
-1 0.005
-1 0.015
-1 0.02
-1 0.015
-1 0.02
-1 -1091.85552
-1 -1321.865611
-1 0.01
-1 -902.432909
-1 -1244.1351753
-1 0.025
-1 -1032.188474
-1 0.005
-1 0.015
-1 -1223.950149
-1 0.04
-1 0.01
-1 0.005
-1 0.005
-1 0.02
-1 0.05
-1 -1037.616052
-1 0.005
-1 0.01
-1 0.01
-1 0.015
-1 -1555.576268
-1 0.02
-1 0.065
-1 0.01
-1 0.04
-1 0.025
-1 -1393.360179
-1 0.005
-1 -990.947363
-1 0.015
-1 -1107.136066
-1 0.04
-1 0.035
-1 -854.7197305
-1 -1064.909595
-1 0.01
-1 0.02
-1 0.05
-1 -1128.502948
-1 -1008.849576
-1 0.04
-1 0.005
-1 0.015
-1 0.005
-1 0.01
-1 0.005
-1 0.005
-1 -1304.907957
-1 -1035.867351
-1 0.01
-1 0.02
-1 0.01
-1 0.015
-1 -1033.936852
-1 0.025
-1 0.02
-1 0.015
-1 -1247.780583
-1 0.01
-1 -1039.330711
-1 0.005
-1 0.005
-1 0.025
-1 -1240.63818104
-1 0.015
-1 0.005
-1 0.01
-1 0.03
