-1 0.24
-1 0.295
-1 0.265
-1 0.245
-1 0.315
-1 0.26
-1 0.26
-1 0.29
-1 0.25
-1 0.255
-1 0.245
-1 0.305
-1 0.305
-1 0.265
-1 0.28
-1 0.275
-1 0.225
-1 0.235
-1 0.27
-1 0.29
-1 0.28
-1 0.285
-1 0.305
-1 0.255
-1 0.26
1 0.565
-1 0.27
-1 0.265
-1 0.225
-1 0.28
-1 0.3
1 0.565
-1 0.25
-1 0.235
-1 0.275
1 0.505
-1 0.275
-1 0.235
-1 0.23
-1 0.255
1 0.52
-1 0.245
-1 0.285
-1 0.24
-1 0.245
-1 0.25
-1 0.275
-1 0.275
-1 0.235
-1 0.275
-1 0.29
-1 0.275
-1 0.25
-1 0.295
-1 0.285
-1 0.28
-1 0.255
-1 0.285
-1 0.3
-1 0.34
-1 0.255
-1 0.27
-1 0.29
-1 0.205
-1 0.295
-1 0.385
-1 0.28
-1 0.275
-1 0.265
-1 0.275
-1 0.23
-1 0.255
-1 0.225
-1 0.26
-1 0.25
-1 0.31
-1 0.26
-1 0.295
-1 0.265
-1 0.3
-1 0.26
-1 0.41
-1 0.31
-1 0.28
1 0.57
1 0.6
-1 0.275
1 0.665
-1 0.405
-1 0.35
-1 0.25
-1 0.395
-1 0.49
-1 0.455
-1 0.36
-1 0.39
1 0.585
-1 0.495
1 0.58
-1 0.285
1 0.55
-1 0.285
1 0.525
-1 0.335
-1 0.27
1 0.57
-1 0.235
-1 0.49
-1 0.475
1 0.505
1 0.545
-1 0.245
-1 0.215
-1 0.285
-1 0.47
1 0.62
-1 0.26
-1 0.39
-1 0.28
-1 0.48
-1 0.335
-1 0.41
1 0.53
-1 0.43
1 0.505
1 0.595
1 0.525
1 0.585
-1 0.33
-1 0.425
1 0.545
1 0.51
-1 0.395
-1 0.485
-1 0.49
-1 0.48
-1 0.475
-1 0.495
1 0.58
-1 0.475
1 0.57
-1 0.42
-1 0.385
-1 0.43
-1 0.43
-1 0.44
1 0.66
1 0.52
1 0.555
-1 0.395
-1 0.37
1 0.61
1 0.515
-1 0.37
-1 0.495
-1 0.375
-1 0.295
1 0.525
1 0.515
-1 0.28
1 0.67
1 0.51
1 0.515
1 0.52
-1 0.275
1 0.515
1 0.635
-1 0.38
-1 0.44
-1 0.395
-1 0.425
-1 0.43
1 0.51
1 0.515
-1 0.4
-1 0.41
-1 0.36
-1 0.43
-1 0.41
-1 0.4
1 0.565
1 0.52
1 0.59
1 0.51
1 0.54
-1 0.39
1 0.505
1 0.595
-1 0.49
-1 0.365
-1 0.49
-1 0.39
1 0.61
-1 0.425
-1 0.425
-1 0.395
-1 0.5
-1 0.465
1 0.56
1 0.64
-1 0.465
-1 0.43
1 0.52
-1 0.385
-1 0.33
1 0.51
1 0.54
-1 0.485
-1 0.455
1 0.595
-1 0.495
1 0.51
-1 0.405
-1 0.445
1 0.575
-1 0.465
1 0.51
-1 0.43
-1 0.49
-1 0.335
1 0.57
-1 0.5
-1 0.285
-1 0.485
1 0.57
-1 0.455
1 0.565
1 0.58
-1 0.42
1 0.54
1 0.55
1 0.59
-1 0.445
1 0.56
1 0.535
1 0.545
1 0.545
-1 0.23
-1 0.455
-1 0.445
1 0.515
1 0.52
1 0.57
-1 0.385
1 0.55
1 0.52
1 0.54
1 0.51
1 0.705
1 0.6
1 0.55
1 0.51
-1 0.255
-1 0.44
-1 0.465
-1 0.34
1 0.595
-1 0.47
-1 0.44
1 0.515
1 0.62
-1 0.455
-1 0.385
-1 0.445
1 0.565
1 0.525
1 0.515
-1 0.465
-1 0.365
1 0.555
-1 0.365
1 0.535
-1 0.495
-1 0.445
1 0.57
-1 0.47
-1 0.395
1 0.59
1 0.51
-1 0.48
1 0.595
1 0.57
1 0.59
-1 0.23
-1 0.255
1 0.51
1 0.57
1 0.52
1 0.535
-1 0.35
-1 0.325
-1 0.475
1 0.635
1 0.58
-1 0.465
1 0.585
1 0.615
1 0.535
-1 0.465
-1 0.38
1 0.545
1 0.51
1 0.51
1 0.515
-1 0.355
-1 0.415
-1 0.455
-1 0.5
1 0.625
-1 0.38
1 0.545
1 0.525
-1 0.325
1 0.535
1 0.565
-1 0.065
-1 0.045
-1 0.07
-1 0.085
-1 0.065
-1 0.095
-1 0.015
-1 0.005
-1 0.04
-1 0.09
-1 0.07
-1 0.08
-1 0.09
-1 0.05
-1 0.035
-1 0.05
-1 0.025
-1 0.085
-1 0.055
-1 0.055
-1 0.04
-1 0.05
-1 0.05
-1 0.08
-1 0.095
-1 0.14
-1 0.015
-1 0.05
-1 0.02
-1 0.02
-1 0.015
-1 0.115
-1 0.035
-1 0.095
-1 0.08
-1 0.07
-1 0.025
-1 0.05
-1 0.025
-1 0.065
-1 0.085
-1 0.07
-1 0.02
-1 0.065
-1 0.02
-1 0.06
-1 0.115
-1 0.05
-1 0.025
-1 0.09
-1 0.065
-1 0.105
-1 0.045
-1 0.005
-1 0.09
-1 0.03
-1 0.045
-1 0.06
-1 0.075
-1 0.1
-1 0.065
-1 0.065
-1 0.02
-1 0.01
-1 0.07
-1 0.09
-1 0.025
-1 0.055
-1 0.035
-1 0.06
-1 0.05
-1 0.09
-1 0.065
-1 0.145
-1 0.06
-1 0.1
-1 0.13
-1 0.075
-1 0.07
-1 0.09
-1 0.02
-1 0.09
-1 0.055
-1 0.045
-1 0.065
-1 0.015
-1 0.09
-1 0.045
-1 0.055
-1 0.06
-1 0.02
-1 0.06
-1 0.05
-1 0.085
-1 0.075
-1 0.03
-1 0.065
-1 0.08
-1 0.035
-1 0.055
-1 0.03
-1 0.055
-1 0.06
-1 0.06
-1 0.07
-1 0.05
-1 0.045
-1 0.045
-1 0.025
-1 0.035
-1 0.045
-1 0.02
-1 0.12
-1 0.04
-1 0.075
-1 0.085
-1 0.03
-1 0.075
-1 0.055
-1 0.065
-1 0.045
-1 0.15
-1 0.015
-1 0.065
-1 0.03
-1 0.085
-1 0.075
-1 0.05
-1 0.015
-1 0.05
-1 0.01
-1 0.1
-1 0.075
-1 0.055
-1 0.115
-1 0.025
-1 0.065
-1 0.075
-1 0.05
-1 0.075
-1 0.07
-1 0.08
-1 0.07
-1 0.075
-1 0.09
-1 0.06
-1 0.125
-1 0.06
-1 0.115
-1 0.06
-1 0.06
-1 0.08
-1 0.005
-1 0.005
-1 -1414.895719
-1 0.085
-1 0.1
-1 0.005
-1 0.005
-1 0.01
-1 0.065
-1 0.07
-1 0.025
-1 0.045
-1 0.1
-1 0.055
-1 0.06
-1 0.09
-1 0.015
-1 0.065
-1 0.02
-1 0.05
-1 0.05
-1 -1430.3102332
-1 0.055
-1 0.055
-1 0.065
-1 0.005
-1 0.065
-1 0.105
-1 0.105
-1 0.055
-1 -1414.985063
-1 0.045
-1 0.03
-1 -1529.95982
-1 0.06
-1 0.075
-1 0.07
-1 0.055
-1 0.035
-1 0.045
-1 0.025
-1 0.08
-1 0.02
-1 0.065
-1 0.025
-1 0.085
-1 0.13
-1 0.075
-1 0.085
-1 0.075
-1 0.095
-1 0.08
-1 0.09
-1 0.065
-1 0.035
-1 0.01
-1 0.04
-1 0.065
-1 0.06
-1 0.08
-1 0.09
-1 0.085
-1 0.04
